ad_leo_1Aeuv_estimate.ecsv
# %ECSV 0.9
# ---
# datatype:
# - {name: WAVELENGTH, unit: Angstrom, datatype: float64}
# - {name: FLUX, unit: erg / (cm2 s), datatype: float64}
# delimiter: ','
# schema: astropy-2.0
WAVELENGTH,FLUX
100.5,nan
101.5,nan
102.5,nan
103.5,nan
104.5,nan
105.5,nan
106.5,nan
107.5,nan
108.5,nan
109.5,nan
110.5,nan
111.5,nan
112.5,nan
113.5,nan
114.5,nan
115.5,nan
116.5,nan
117.5,nan
118.5,nan
119.5,nan
120.5,nan
121.5,nan
122.5,nan
123.5,nan
124.5,nan
125.5,nan
126.5,nan
127.5,nan
128.5,nan
129.5,nan
130.5,nan
131.5,nan
132.5,nan
133.5,nan
134.5,nan
135.5,nan
136.5,nan
137.5,nan
138.5,nan
139.5,nan
140.5,nan
141.5,nan
142.5,nan
143.5,nan
144.5,nan
145.5,nan
146.5,nan
147.5,nan
148.5,nan
149.5,nan
150.5,3.2188086393474975e-14
151.5,3.2188086393474975e-14
152.5,3.2188086393474975e-14
153.5,3.2188086393474975e-14
154.5,3.2188086393474975e-14
155.5,3.2188086393474975e-14
156.5,3.2188086393474975e-14
157.5,3.2188086393474975e-14
158.5,3.2188086393474975e-14
159.5,3.2188086393474975e-14
160.5,3.2188086393474975e-14
161.5,3.2188086393474975e-14
162.5,3.2188086393474975e-14
163.5,3.2188086393474975e-14
164.5,3.2188086393474975e-14
165.5,3.2188086393474975e-14
166.5,3.2188086393474975e-14
167.5,3.2188086393474975e-14
168.5,3.2188086393474975e-14
169.5,3.2188086393474975e-14
170.5,3.2188086393474975e-14
171.5,3.2188086393474975e-14
172.5,3.2188086393474975e-14
173.5,3.2188086393474975e-14
174.5,3.2188086393474975e-14
175.5,3.2188086393474975e-14
176.5,3.2188086393474975e-14
177.5,3.2188086393474975e-14
178.5,3.2188086393474975e-14
179.5,3.2188086393474975e-14
180.5,3.2188086393474975e-14
181.5,3.2188086393474975e-14
182.5,3.2188086393474975e-14
183.5,3.2188086393474975e-14
184.5,3.2188086393474975e-14
185.5,3.2188086393474975e-14
186.5,3.2188086393474975e-14
187.5,3.2188086393474975e-14
188.5,3.2188086393474975e-14
189.5,3.2188086393474975e-14
190.5,3.2188086393474975e-14
191.5,3.2188086393474975e-14
192.5,3.2188086393474975e-14
193.5,3.2188086393474975e-14
194.5,3.2188086393474975e-14
195.5,3.2188086393474975e-14
196.5,3.2188086393474975e-14
197.5,3.2188086393474975e-14
198.5,3.2188086393474975e-14
199.5,3.2188086393474975e-14
200.5,2.822897819811981e-14
201.5,2.822897819811981e-14
202.5,2.822897819811981e-14
203.5,2.822897819811981e-14
204.5,2.822897819811981e-14
205.5,2.822897819811981e-14
206.5,2.822897819811981e-14
207.5,2.822897819811981e-14
208.5,2.822897819811981e-14
209.5,2.822897819811981e-14
210.5,2.822897819811981e-14
211.5,2.822897819811981e-14
212.5,2.822897819811981e-14
213.5,2.822897819811981e-14
214.5,2.822897819811981e-14
215.5,2.822897819811981e-14
216.5,2.822897819811981e-14
217.5,2.822897819811981e-14
218.5,2.822897819811981e-14
219.5,2.822897819811981e-14
220.5,2.822897819811981e-14
221.5,2.822897819811981e-14
222.5,2.822897819811981e-14
223.5,2.822897819811981e-14
224.5,2.822897819811981e-14
225.5,2.822897819811981e-14
226.5,2.822897819811981e-14
227.5,2.822897819811981e-14
228.5,2.822897819811981e-14
229.5,2.822897819811981e-14
230.5,2.822897819811981e-14
231.5,2.822897819811981e-14
232.5,2.822897819811981e-14
233.5,2.822897819811981e-14
234.5,2.822897819811981e-14
235.5,2.822897819811981e-14
236.5,2.822897819811981e-14
237.5,2.822897819811981e-14
238.5,2.822897819811981e-14
239.5,2.822897819811981e-14
240.5,2.822897819811981e-14
241.5,2.822897819811981e-14
242.5,2.822897819811981e-14
243.5,2.822897819811981e-14
244.5,2.822897819811981e-14
245.5,2.822897819811981e-14
246.5,2.822897819811981e-14
247.5,2.822897819811981e-14
248.5,2.822897819811981e-14
249.5,2.822897819811981e-14
250.5,2.822897819811981e-14
251.5,2.822897819811981e-14
252.5,2.822897819811981e-14
253.5,2.822897819811981e-14
254.5,2.822897819811981e-14
255.5,2.822897819811981e-14
256.5,2.822897819811981e-14
257.5,2.822897819811981e-14
258.5,2.822897819811981e-14
259.5,2.822897819811981e-14
260.5,2.822897819811981e-14
261.5,2.822897819811981e-14
262.5,2.822897819811981e-14
263.5,2.822897819811981e-14
264.5,2.822897819811981e-14
265.5,2.822897819811981e-14
266.5,2.822897819811981e-14
267.5,2.822897819811981e-14
268.5,2.822897819811981e-14
269.5,2.822897819811981e-14
270.5,2.822897819811981e-14
271.5,2.822897819811981e-14
272.5,2.822897819811981e-14
273.5,2.822897819811981e-14
274.5,2.822897819811981e-14
275.5,2.822897819811981e-14
276.5,2.822897819811981e-14
277.5,2.822897819811981e-14
278.5,2.822897819811981e-14
279.5,2.822897819811981e-14
280.5,2.822897819811981e-14
281.5,2.822897819811981e-14
282.5,2.822897819811981e-14
283.5,2.822897819811981e-14
284.5,2.822897819811981e-14
285.5,2.822897819811981e-14
286.5,2.822897819811981e-14
287.5,2.822897819811981e-14
288.5,2.822897819811981e-14
289.5,2.822897819811981e-14
290.5,2.822897819811981e-14
291.5,2.822897819811981e-14
292.5,2.822897819811981e-14
293.5,2.822897819811981e-14
294.5,2.822897819811981e-14
295.5,2.822897819811981e-14
296.5,2.822897819811981e-14
297.5,2.822897819811981e-14
298.5,2.822897819811981e-14
299.5,2.822897819811981e-14
300.5,2.4928443256113425e-14
301.5,2.4928443256113425e-14
302.5,2.4928443256113425e-14
303.5,2.4928443256113425e-14
304.5,2.4928443256113425e-14
305.5,2.4928443256113425e-14
306.5,2.4928443256113425e-14
307.5,2.4928443256113425e-14
308.5,2.4928443256113425e-14
309.5,2.4928443256113425e-14
310.5,2.4928443256113425e-14
311.5,2.4928443256113425e-14
312.5,2.4928443256113425e-14
313.5,2.4928443256113425e-14
314.5,2.4928443256113425e-14
315.5,2.4928443256113425e-14
316.5,2.4928443256113425e-14
317.5,2.4928443256113425e-14
318.5,2.4928443256113425e-14
319.5,2.4928443256113425e-14
320.5,2.4928443256113425e-14
321.5,2.4928443256113425e-14
322.5,2.4928443256113425e-14
323.5,2.4928443256113425e-14
324.5,2.4928443256113425e-14
325.5,2.4928443256113425e-14
326.5,2.4928443256113425e-14
327.5,2.4928443256113425e-14
328.5,2.4928443256113425e-14
329.5,2.4928443256113425e-14
330.5,2.4928443256113425e-14
331.5,2.4928443256113425e-14
332.5,2.4928443256113425e-14
333.5,2.4928443256113425e-14
334.5,2.4928443256113425e-14
335.5,2.4928443256113425e-14
336.5,2.4928443256113425e-14
337.5,2.4928443256113425e-14
338.5,2.4928443256113425e-14
339.5,2.4928443256113425e-14
340.5,2.4928443256113425e-14
341.5,2.4928443256113425e-14
342.5,2.4928443256113425e-14
343.5,2.4928443256113425e-14
344.5,2.4928443256113425e-14
345.5,2.4928443256113425e-14
346.5,2.4928443256113425e-14
347.5,2.4928443256113425e-14
348.5,2.4928443256113425e-14
349.5,2.4928443256113425e-14
350.5,2.4928443256113425e-14
351.5,2.4928443256113425e-14
352.5,2.4928443256113425e-14
353.5,2.4928443256113425e-14
354.5,2.4928443256113425e-14
355.5,2.4928443256113425e-14
356.5,2.4928443256113425e-14
357.5,2.4928443256113425e-14
358.5,2.4928443256113425e-14
359.5,2.4928443256113425e-14
360.5,2.4928443256113425e-14
361.5,2.4928443256113425e-14
362.5,2.4928443256113425e-14
363.5,2.4928443256113425e-14
364.5,2.4928443256113425e-14
365.5,2.4928443256113425e-14
366.5,2.4928443256113425e-14
367.5,2.4928443256113425e-14
368.5,2.4928443256113425e-14
369.5,2.4928443256113425e-14
370.5,2.4928443256113425e-14
371.5,2.4928443256113425e-14
372.5,2.4928443256113425e-14
373.5,2.4928443256113425e-14
374.5,2.4928443256113425e-14
375.5,2.4928443256113425e-14
376.5,2.4928443256113425e-14
377.5,2.4928443256113425e-14
378.5,2.4928443256113425e-14
379.5,2.4928443256113425e-14
380.5,2.4928443256113425e-14
381.5,2.4928443256113425e-14
382.5,2.4928443256113425e-14
383.5,2.4928443256113425e-14
384.5,2.4928443256113425e-14
385.5,2.4928443256113425e-14
386.5,2.4928443256113425e-14
387.5,2.4928443256113425e-14
388.5,2.4928443256113425e-14
389.5,2.4928443256113425e-14
390.5,2.4928443256113425e-14
391.5,2.4928443256113425e-14
392.5,2.4928443256113425e-14
393.5,2.4928443256113425e-14
394.5,2.4928443256113425e-14
395.5,2.4928443256113425e-14
396.5,2.4928443256113425e-14
397.5,2.4928443256113425e-14
398.5,2.4928443256113425e-14
399.5,2.4928443256113425e-14
400.5,9.284156394455114e-16
401.5,9.284156394455114e-16
402.5,9.284156394455114e-16
403.5,9.284156394455114e-16
404.5,9.284156394455114e-16
405.5,9.284156394455114e-16
406.5,9.284156394455114e-16
407.5,9.284156394455114e-16
408.5,9.284156394455114e-16
409.5,9.284156394455114e-16
410.5,9.284156394455114e-16
411.5,9.284156394455114e-16
412.5,9.284156394455114e-16
413.5,9.284156394455114e-16
414.5,9.284156394455114e-16
415.5,9.284156394455114e-16
416.5,9.284156394455114e-16
417.5,9.284156394455114e-16
418.5,9.284156394455114e-16
419.5,9.284156394455114e-16
420.5,9.284156394455114e-16
421.5,9.284156394455114e-16
422.5,9.284156394455114e-16
423.5,9.284156394455114e-16
424.5,9.284156394455114e-16
425.5,9.284156394455114e-16
426.5,9.284156394455114e-16
427.5,9.284156394455114e-16
428.5,9.284156394455114e-16
429.5,9.284156394455114e-16
430.5,9.284156394455114e-16
431.5,9.284156394455114e-16
432.5,9.284156394455114e-16
433.5,9.284156394455114e-16
434.5,9.284156394455114e-16
435.5,9.284156394455114e-16
436.5,9.284156394455114e-16
437.5,9.284156394455114e-16
438.5,9.284156394455114e-16
439.5,9.284156394455114e-16
440.5,9.284156394455114e-16
441.5,9.284156394455114e-16
442.5,9.284156394455114e-16
443.5,9.284156394455114e-16
444.5,9.284156394455114e-16
445.5,9.284156394455114e-16
446.5,9.284156394455114e-16
447.5,9.284156394455114e-16
448.5,9.284156394455114e-16
449.5,9.284156394455114e-16
450.5,9.284156394455114e-16
451.5,9.284156394455114e-16
452.5,9.284156394455114e-16
453.5,9.284156394455114e-16
454.5,9.284156394455114e-16
455.5,9.284156394455114e-16
456.5,9.284156394455114e-16
457.5,9.284156394455114e-16
458.5,9.284156394455114e-16
459.5,9.284156394455114e-16
460.5,9.284156394455114e-16
461.5,9.284156394455114e-16
462.5,9.284156394455114e-16
463.5,9.284156394455114e-16
464.5,9.284156394455114e-16
465.5,9.284156394455114e-16
466.5,9.284156394455114e-16
467.5,9.284156394455114e-16
468.5,9.284156394455114e-16
469.5,9.284156394455114e-16
470.5,9.284156394455114e-16
471.5,9.284156394455114e-16
472.5,9.284156394455114e-16
473.5,9.284156394455114e-16
474.5,9.284156394455114e-16
475.5,9.284156394455114e-16
476.5,9.284156394455114e-16
477.5,9.284156394455114e-16
478.5,9.284156394455114e-16
479.5,9.284156394455114e-16
480.5,9.284156394455114e-16
481.5,9.284156394455114e-16
482.5,9.284156394455114e-16
483.5,9.284156394455114e-16
484.5,9.284156394455114e-16
485.5,9.284156394455114e-16
486.5,9.284156394455114e-16
487.5,9.284156394455114e-16
488.5,9.284156394455114e-16
489.5,9.284156394455114e-16
490.5,9.284156394455114e-16
491.5,9.284156394455114e-16
492.5,9.284156394455114e-16
493.5,9.284156394455114e-16
494.5,9.284156394455114e-16
495.5,9.284156394455114e-16
496.5,9.284156394455114e-16
497.5,9.284156394455114e-16
498.5,9.284156394455114e-16
499.5,9.284156394455114e-16
500.5,3.047089935471026e-15
501.5,3.047089935471026e-15
502.5,3.047089935471026e-15
503.5,3.047089935471026e-15
504.5,3.047089935471026e-15
505.5,3.047089935471026e-15
506.5,3.047089935471026e-15
507.5,3.047089935471026e-15
508.5,3.047089935471026e-15
509.5,3.047089935471026e-15
510.5,3.047089935471026e-15
511.5,3.047089935471026e-15
512.5,3.047089935471026e-15
513.5,3.047089935471026e-15
514.5,3.047089935471026e-15
515.5,3.047089935471026e-15
516.5,3.047089935471026e-15
517.5,3.047089935471026e-15
518.5,3.047089935471026e-15
519.5,3.047089935471026e-15
520.5,3.047089935471026e-15
521.5,3.047089935471026e-15
522.5,3.047089935471026e-15
523.5,3.047089935471026e-15
524.5,3.047089935471026e-15
525.5,3.047089935471026e-15
526.5,3.047089935471026e-15
527.5,3.047089935471026e-15
528.5,3.047089935471026e-15
529.5,3.047089935471026e-15
530.5,3.047089935471026e-15
531.5,3.047089935471026e-15
532.5,3.047089935471026e-15
533.5,3.047089935471026e-15
534.5,3.047089935471026e-15
535.5,3.047089935471026e-15
536.5,3.047089935471026e-15
537.5,3.047089935471026e-15
538.5,3.047089935471026e-15
539.5,3.047089935471026e-15
540.5,3.047089935471026e-15
541.5,3.047089935471026e-15
542.5,3.047089935471026e-15
543.5,3.047089935471026e-15
544.5,3.047089935471026e-15
545.5,3.047089935471026e-15
546.5,3.047089935471026e-15
547.5,3.047089935471026e-15
548.5,3.047089935471026e-15
549.5,3.047089935471026e-15
550.5,3.047089935471026e-15
551.5,3.047089935471026e-15
552.5,3.047089935471026e-15
553.5,3.047089935471026e-15
554.5,3.047089935471026e-15
555.5,3.047089935471026e-15
556.5,3.047089935471026e-15
557.5,3.047089935471026e-15
558.5,3.047089935471026e-15
559.5,3.047089935471026e-15
560.5,3.047089935471026e-15
561.5,3.047089935471026e-15
562.5,3.047089935471026e-15
563.5,3.047089935471026e-15
564.5,3.047089935471026e-15
565.5,3.047089935471026e-15
566.5,3.047089935471026e-15
567.5,3.047089935471026e-15
568.5,3.047089935471026e-15
569.5,3.047089935471026e-15
570.5,3.047089935471026e-15
571.5,3.047089935471026e-15
572.5,3.047089935471026e-15
573.5,3.047089935471026e-15
574.5,3.047089935471026e-15
575.5,3.047089935471026e-15
576.5,3.047089935471026e-15
577.5,3.047089935471026e-15
578.5,3.047089935471026e-15
579.5,3.047089935471026e-15
580.5,3.047089935471026e-15
581.5,3.047089935471026e-15
582.5,3.047089935471026e-15
583.5,3.047089935471026e-15
584.5,3.047089935471026e-15
585.5,3.047089935471026e-15
586.5,3.047089935471026e-15
587.5,3.047089935471026e-15
588.5,3.047089935471026e-15
589.5,3.047089935471026e-15
590.5,3.047089935471026e-15
591.5,3.047089935471026e-15
592.5,3.047089935471026e-15
593.5,3.047089935471026e-15
594.5,3.047089935471026e-15
595.5,3.047089935471026e-15
596.5,3.047089935471026e-15
597.5,3.047089935471026e-15
598.5,3.047089935471026e-15
599.5,3.047089935471026e-15
600.5,2.105670007402766e-15
601.5,2.105670007402766e-15
602.5,2.105670007402766e-15
603.5,2.105670007402766e-15
604.5,2.105670007402766e-15
605.5,2.105670007402766e-15
606.5,2.105670007402766e-15
607.5,2.105670007402766e-15
608.5,2.105670007402766e-15
609.5,2.105670007402766e-15
610.5,2.105670007402766e-15
611.5,2.105670007402766e-15
612.5,2.105670007402766e-15
613.5,2.105670007402766e-15
614.5,2.105670007402766e-15
615.5,2.105670007402766e-15
616.5,2.105670007402766e-15
617.5,2.105670007402766e-15
618.5,2.105670007402766e-15
619.5,2.105670007402766e-15
620.5,2.105670007402766e-15
621.5,2.105670007402766e-15
622.5,2.105670007402766e-15
623.5,2.105670007402766e-15
624.5,2.105670007402766e-15
625.5,2.105670007402766e-15
626.5,2.105670007402766e-15
627.5,2.105670007402766e-15
628.5,2.105670007402766e-15
629.5,2.105670007402766e-15
630.5,2.105670007402766e-15
631.5,2.105670007402766e-15
632.5,2.105670007402766e-15
633.5,2.105670007402766e-15
634.5,2.105670007402766e-15
635.5,2.105670007402766e-15
636.5,2.105670007402766e-15
637.5,2.105670007402766e-15
638.5,2.105670007402766e-15
639.5,2.105670007402766e-15
640.5,2.105670007402766e-15
641.5,2.105670007402766e-15
642.5,2.105670007402766e-15
643.5,2.105670007402766e-15
644.5,2.105670007402766e-15
645.5,2.105670007402766e-15
646.5,2.105670007402766e-15
647.5,2.105670007402766e-15
648.5,2.105670007402766e-15
649.5,2.105670007402766e-15
650.5,2.105670007402766e-15
651.5,2.105670007402766e-15
652.5,2.105670007402766e-15
653.5,2.105670007402766e-15
654.5,2.105670007402766e-15
655.5,2.105670007402766e-15
656.5,2.105670007402766e-15
657.5,2.105670007402766e-15
658.5,2.105670007402766e-15
659.5,2.105670007402766e-15
660.5,2.105670007402766e-15
661.5,2.105670007402766e-15
662.5,2.105670007402766e-15
663.5,2.105670007402766e-15
664.5,2.105670007402766e-15
665.5,2.105670007402766e-15
666.5,2.105670007402766e-15
667.5,2.105670007402766e-15
668.5,2.105670007402766e-15
669.5,2.105670007402766e-15
670.5,2.105670007402766e-15
671.5,2.105670007402766e-15
672.5,2.105670007402766e-15
673.5,2.105670007402766e-15
674.5,2.105670007402766e-15
675.5,2.105670007402766e-15
676.5,2.105670007402766e-15
677.5,2.105670007402766e-15
678.5,2.105670007402766e-15
679.5,2.105670007402766e-15
680.5,2.105670007402766e-15
681.5,2.105670007402766e-15
682.5,2.105670007402766e-15
683.5,2.105670007402766e-15
684.5,2.105670007402766e-15
685.5,2.105670007402766e-15
686.5,2.105670007402766e-15
687.5,2.105670007402766e-15
688.5,2.105670007402766e-15
689.5,2.105670007402766e-15
690.5,2.105670007402766e-15
691.5,2.105670007402766e-15
692.5,2.105670007402766e-15
693.5,2.105670007402766e-15
694.5,2.105670007402766e-15
695.5,2.105670007402766e-15
696.5,2.105670007402766e-15
697.5,2.105670007402766e-15
