ad_leo_1Aeuv_estimate.ecsv
# %ECSV 0.9
# ---
# datatype:
# - {name: WAVELENGTH, unit: Angstrom, datatype: float64}
# - {name: FLUX, unit: erg / (cm2 s), datatype: float64}
# delimiter: ','
# schema: astropy-2.0
WAVELENGTH,FLUX
[from data line 599]
699.5,2.105670007402766e-15
700.5,4.293671983542139e-15
701.5,4.293671983542139e-15
702.5,4.293671983542139e-15
703.5,4.293671983542139e-15
704.5,4.293671983542139e-15
705.5,4.293671983542139e-15
706.5,4.293671983542139e-15
707.5,4.293671983542139e-15
708.5,4.293671983542139e-15
709.5,4.293671983542139e-15
710.5,4.293671983542139e-15
711.5,4.293671983542139e-15
712.5,4.293671983542139e-15
713.5,4.293671983542139e-15
714.5,4.293671983542139e-15
715.5,4.293671983542139e-15
716.5,4.293671983542139e-15
717.5,4.293671983542139e-15
718.5,4.293671983542139e-15
719.5,4.293671983542139e-15
720.5,4.293671983542139e-15
721.5,4.293671983542139e-15
722.5,4.293671983542139e-15
723.5,4.293671983542139e-15
724.5,4.293671983542139e-15
725.5,4.293671983542139e-15
726.5,4.293671983542139e-15
727.5,4.293671983542139e-15
728.5,4.293671983542139e-15
729.5,4.293671983542139e-15
730.5,4.293671983542139e-15
731.5,4.293671983542139e-15
732.5,4.293671983542139e-15
733.5,4.293671983542139e-15
734.5,4.293671983542139e-15
735.5,4.293671983542139e-15
736.5,4.293671983542139e-15
737.5,4.293671983542139e-15
738.5,4.293671983542139e-15
739.5,4.293671983542139e-15
740.5,4.293671983542139e-15
741.5,4.293671983542139e-15
742.5,4.293671983542139e-15
743.5,4.293671983542139e-15
744.5,4.293671983542139e-15
745.5,4.293671983542139e-15
746.5,4.293671983542139e-15
747.5,4.293671983542139e-15
748.5,4.293671983542139e-15
749.5,4.293671983542139e-15
750.5,4.293671983542139e-15
751.5,4.293671983542139e-15
752.5,4.293671983542139e-15
753.5,4.293671983542139e-15
754.5,4.293671983542139e-15
755.5,4.293671983542139e-15
756.5,4.293671983542139e-15
757.5,4.293671983542139e-15
758.5,4.293671983542139e-15
759.5,4.293671983542139e-15
760.5,4.293671983542139e-15
761.5,4.293671983542139e-15
762.5,4.293671983542139e-15
763.5,4.293671983542139e-15
764.5,4.293671983542139e-15
765.5,4.293671983542139e-15
766.5,4.293671983542139e-15
767.5,4.293671983542139e-15
768.5,4.293671983542139e-15
769.5,4.293671983542139e-15
770.5,4.293671983542139e-15
771.5,4.293671983542139e-15
772.5,4.293671983542139e-15
773.5,4.293671983542139e-15
774.5,4.293671983542139e-15
775.5,4.293671983542139e-15
776.5,4.293671983542139e-15
777.5,4.293671983542139e-15
778.5,4.293671983542139e-15
779.5,4.293671983542139e-15
780.5,4.293671983542139e-15
781.5,4.293671983542139e-15
782.5,4.293671983542139e-15
783.5,4.293671983542139e-15
784.5,4.293671983542139e-15
785.5,4.293671983542139e-15
786.5,4.293671983542139e-15
787.5,4.293671983542139e-15
788.5,4.293671983542139e-15
789.5,4.293671983542139e-15
790.5,4.293671983542139e-15
791.5,4.293671983542139e-15
792.5,4.293671983542139e-15
793.5,4.293671983542139e-15
794.5,4.293671983542139e-15
795.5,4.293671983542139e-15
796.5,4.293671983542139e-15
797.5,4.293671983542139e-15
798.5,4.293671983542139e-15
799.5,4.293671983542139e-15
800.5,4.293671983542139e-15
801.5,4.293671983542139e-15
802.5,4.293671983542139e-15
803.5,8.268436060043067e-15
804.5,8.268436060043067e-15
805.5,8.268436060043067e-15
806.5,8.268436060043067e-15
807.5,8.268436060043067e-15
808.5,8.268436060043067e-15
809.5,8.268436060043067e-15
810.5,8.268436060043067e-15
811.5,8.268436060043067e-15
812.5,8.268436060043067e-15
813.5,8.268436060043067e-15
814.5,8.268436060043067e-15
815.5,8.268436060043067e-15
816.5,8.268436060043067e-15
817.5,8.268436060043067e-15
818.5,8.268436060043067e-15
819.5,8.268436060043067e-15
820.5,8.268436060043067e-15
821.5,8.268436060043067e-15
822.5,8.268436060043067e-15
823.5,8.268436060043067e-15
824.5,8.268436060043067e-15
825.5,8.268436060043067e-15
826.5,8.268436060043067e-15
827.5,8.268436060043067e-15
828.5,8.268436060043067e-15
829.5,8.268436060043067e-15
830.5,8.268436060043067e-15
831.5,8.268436060043067e-15
832.5,8.268436060043067e-15
833.5,8.268436060043067e-15
834.5,8.268436060043067e-15
835.5,8.268436060043067e-15
836.5,8.268436060043067e-15
837.5,8.268436060043067e-15
838.5,8.268436060043067e-15
839.5,8.268436060043067e-15
840.5,8.268436060043067e-15
841.5,8.268436060043067e-15
842.5,8.268436060043067e-15
843.5,8.268436060043067e-15
844.5,8.268436060043067e-15
845.5,8.268436060043067e-15
846.5,8.268436060043067e-15
847.5,8.268436060043067e-15
848.5,8.268436060043067e-15
849.5,8.268436060043067e-15
850.5,8.268436060043067e-15
851.5,8.268436060043067e-15
852.5,8.268436060043067e-15
853.5,8.268436060043067e-15
854.5,8.268436060043067e-15
855.5,8.268436060043067e-15
856.5,8.268436060043067e-15
857.5,8.268436060043067e-15
858.5,8.268436060043067e-15
859.5,8.268436060043067e-15
860.5,8.268436060043067e-15
861.5,8.268436060043067e-15
862.5,8.268436060043067e-15
863.5,8.268436060043067e-15
864.5,8.268436060043067e-15
865.5,8.268436060043067e-15
866.5,8.268436060043067e-15
867.5,8.268436060043067e-15
868.5,8.268436060043067e-15
869.5,8.268436060043067e-15
870.5,8.268436060043067e-15
871.5,8.268436060043067e-15
872.5,8.268436060043067e-15
873.5,8.268436060043067e-15
874.5,8.268436060043067e-15
875.5,8.268436060043067e-15
876.5,8.268436060043067e-15
877.5,8.268436060043067e-15
878.5,8.268436060043067e-15
879.5,8.268436060043067e-15
880.5,8.268436060043067e-15
881.5,8.268436060043067e-15
882.5,8.268436060043067e-15
883.5,8.268436060043067e-15
884.5,8.268436060043067e-15
885.5,8.268436060043067e-15
886.5,8.268436060043067e-15
887.5,8.268436060043067e-15
888.5,8.268436060043067e-15
889.5,8.268436060043067e-15
890.5,8.268436060043067e-15
891.5,8.268436060043067e-15
892.5,8.268436060043067e-15
893.5,8.268436060043067e-15
894.5,8.268436060043067e-15
895.5,8.268436060043067e-15
896.5,8.268436060043067e-15
897.5,8.268436060043067e-15
898.5,8.268436060043067e-15
899.5,8.268436060043067e-15
900.5,8.268436060043067e-15
901.5,8.268436060043067e-15
902.5,8.268436060043067e-15
903.5,8.268436060043067e-15
904.5,8.268436060043067e-15
905.5,8.268436060043067e-15
906.5,8.268436060043067e-15
907.5,8.268436060043067e-15
908.5,8.268436060043067e-15
909.5,8.268436060043067e-15
910.5,8.268436060043067e-15
911.5,8.268436060043067e-15
912.5,8.268436060043067e-15
913.5,8.268436060043067e-15
914.5,8.268436060043067e-15
915.5,8.268436060043067e-15
916.5,8.268436060043067e-15
917.5,8.268436060043067e-15
918.5,8.268436060043067e-15
919.5,8.268436060043067e-15
920.5,8.268436060043067e-15
921.5,8.268436060043067e-15
922.5,8.268436060043067e-15
923.5,8.268436060043067e-15
924.5,8.268436060043067e-15
925.5,8.268436060043067e-15
926.5,8.268436060043067e-15
927.5,8.268436060043067e-15
928.5,8.268436060043067e-15
929.5,8.268436060043067e-15
930.5,8.268436060043067e-15
931.5,8.268436060043067e-15
932.5,8.268436060043067e-15
933.5,8.268436060043067e-15
934.5,8.268436060043067e-15
935.5,8.268436060043067e-15
936.5,8.268436060043067e-15
937.5,8.268436060043067e-15
938.5,8.268436060043067e-15
939.5,8.268436060043067e-15
940.5,8.268436060043067e-15
941.5,8.268436060043067e-15
942.5,8.268436060043067e-15
943.5,8.268436060043067e-15
944.5,8.268436060043067e-15
945.5,8.268436060043067e-15
946.5,8.268436060043067e-15
947.5,8.268436060043067e-15
948.5,8.268436060043067e-15
949.5,4.460125264798461e-15
950.5,4.460125264798461e-15
951.5,4.460125264798461e-15
952.5,4.460125264798461e-15
953.5,4.460125264798461e-15
954.5,4.460125264798461e-15
955.5,4.460125264798461e-15
956.5,4.460125264798461e-15
957.5,4.460125264798461e-15
958.5,4.460125264798461e-15
959.5,4.460125264798461e-15
960.5,4.460125264798461e-15
961.5,4.460125264798461e-15
962.5,4.460125264798461e-15
963.5,4.460125264798461e-15
964.5,4.460125264798461e-15
965.5,4.460125264798461e-15
966.5,4.460125264798461e-15
967.5,4.460125264798461e-15
968.5,4.460125264798461e-15
969.5,4.460125264798461e-15
970.5,4.460125264798461e-15
971.5,4.460125264798461e-15
972.5,4.460125264798461e-15
973.5,4.460125264798461e-15
974.5,4.460125264798461e-15
975.5,4.460125264798461e-15
976.5,4.460125264798461e-15
977.5,4.460125264798461e-15
978.5,4.460125264798461e-15
979.5,4.460125264798461e-15
980.5,4.460125264798461e-15
981.5,4.460125264798461e-15
982.5,4.460125264798461e-15
983.5,4.460125264798461e-15
984.5,4.460125264798461e-15
985.5,4.460125264798461e-15
986.5,4.460125264798461e-15
987.5,4.460125264798461e-15
988.5,4.460125264798461e-15
989.5,4.460125264798461e-15
990.5,4.460125264798461e-15
991.5,4.460125264798461e-15
992.5,4.460125264798461e-15
993.5,4.460125264798461e-15
994.5,4.460125264798461e-15
995.5,4.460125264798461e-15
996.5,4.460125264798461e-15
997.5,4.460125264798461e-15
998.5,4.460125264798461e-15
999.5,4.460125264798461e-15
1000.5,4.460125264798461e-15
1001.5,4.460125264798461e-15
1002.5,4.460125264798461e-15
1003.5,4.460125264798461e-15
1004.5,4.460125264798461e-15
1005.5,4.460125264798461e-15
1006.5,4.460125264798461e-15
1007.5,4.460125264798461e-15
1008.5,4.460125264798461e-15
1009.5,4.460125264798461e-15
1010.5,4.460125264798461e-15
1011.5,4.460125264798461e-15
1012.5,4.460125264798461e-15
1013.5,4.460125264798461e-15
1014.5,4.460125264798461e-15
1015.5,4.460125264798461e-15
1016.5,4.460125264798461e-15
1017.5,4.460125264798461e-15
1018.5,4.460125264798461e-15
1019.5,4.460125264798461e-15
1020.5,4.460125264798461e-15
1021.5,4.460125264798461e-15
1022.5,4.460125264798461e-15
1023.5,4.460125264798461e-15
1024.5,4.460125264798461e-15
1025.5,4.460125264798461e-15
1026.5,4.460125264798461e-15
1027.5,4.460125264798461e-15
1028.5,4.460125264798461e-15
1029.5,4.460125264798461e-15
1030.5,4.460125264798461e-15
1031.5,4.460125264798461e-15
1032.5,4.460125264798461e-15
1033.5,4.460125264798461e-15
1034.5,4.460125264798461e-15
1035.5,4.460125264798461e-15
1036.5,4.460125264798461e-15
1037.5,4.460125264798461e-15
1038.5,4.460125264798461e-15
1039.5,4.460125264798461e-15
1040.5,4.460125264798461e-15
1041.5,nan
1042.5,nan
1043.5,nan
1044.5,nan
1045.5,nan
1046.5,nan
1047.5,nan
1048.5,nan
1049.5,nan
1050.5,nan
1051.5,nan
1052.5,nan
1053.5,nan
1054.5,nan
1055.5,nan
1056.5,nan
1057.5,nan
1058.5,nan
1059.5,nan
1060.5,nan
1061.5,nan
1062.5,nan
1063.5,nan
1064.5,nan
1065.5,nan
1066.5,nan
1067.5,nan
1068.5,nan
1069.5,nan
1070.5,nan
1071.5,nan
1072.5,nan
1073.5,nan
1074.5,nan
1075.5,nan
1076.5,nan
1077.5,nan
1078.5,nan
1079.5,nan
1080.5,nan
1081.5,nan
1082.5,nan
1083.5,nan
1084.5,nan
1085.5,nan
1086.5,nan
1087.5,nan
1088.5,nan
1089.5,nan
1090.5,nan
1091.5,nan
1092.5,nan
1093.5,nan
1094.5,nan
1095.5,nan
1096.5,nan
1097.5,nan
1098.5,nan
1099.5,nan
1100.5,nan
1101.5,nan
1102.5,nan
1103.5,nan
1104.5,nan
1105.5,nan
1106.5,nan
1107.5,nan
1108.5,nan
1109.5,nan
1110.5,nan
1111.5,nan
1112.5,nan
1113.5,nan
1114.5,nan
1115.5,nan
1116.5,nan
1117.5,nan
1118.5,nan
1119.5,nan
1120.5,nan
1121.5,nan
1122.5,nan
1123.5,nan
1124.5,nan
1125.5,nan
1126.5,nan
1127.5,nan
1128.5,nan
1129.5,nan
1130.5,nan
1131.5,nan
1132.5,nan
1133.5,nan
1134.5,nan
1135.5,nan
1136.5,nan
1137.5,nan
1138.5,nan
1139.5,nan
1140.5,nan
1141.5,nan
1142.5,nan
1143.5,nan
1144.5,nan
1145.5,nan
1146.5,nan
1147.5,nan
1148.5,nan
1149.5,nan
1150.5,nan
1151.5,nan
1152.5,nan
1153.5,nan
1154.5,nan
1155.5,nan
1156.5,nan
1157.5,nan
1158.5,nan
1159.5,nan
1160.5,nan
1161.5,nan
1162.5,nan
1163.5,nan
1164.5,nan
1165.5,nan
1166.5,nan
1167.5,nan
1168.5,nan
1169.5,nan
